0 1010 86.00049778303487
0 1330 85.57742467870756
0 1 137.66025112762458
1 1011 86.46451357451647
1 1752 84.59366844266798
1 0 137.66025112762455
1 2 136.97350064363593
2 3 271.27191048933696
2 1753 86.5876376879039
2 1 136.97350064363593
3 2 271.27191048933696
3 1013 85.91819366795336
3 3760 200.78854135344992
4 424 95.63802559162839
4 3760 20.31439653484017
4 5 54.91531335538368
5 6 143.73267517043755
5 822 87.21640995939325
5 4 54.91531335538368
6 5 143.73267517043755
6 1014 85.34143934271785
7 2350 86.25180153530559
8 7 273.74274537729576
8 2199 80.66377764284424
9 401 86.22624210959256
9 3746 17.113066262768236
10 9 105.6610760828561
10 799 86.38145556538231
10 800 79.66628237383124
11 10 128.6446925414199
11 2146 81.14450796169602
11 58 87.79689049829723
12 230 250.45113681186058
12 3850 42.45393035188456
12 3853 38.5677279790419
12 3854 20.70914614991669
13 14 240.19906653235756
13 2366 201.58222723935643
14 15 127.67618998041922
15 4243 216.1729986736989
15 2823 90.6621531083224
16 109 80.64269265134003
16 1318 80.06623881274355
17 1679 80.09288679692459
17 16 271.24464556229225
18 17 273.63175972914365
18 2200 81.15181219237627
19 404 80.15448303071426
19 3762 16.927881587707976
20 19 109.63307552342518
20 802 80.14255324490962
20 803 80.09027188003643
21 20 216.27217992529216
21 1681 88.25443598362214
21 2145 85.09204617480395
22 781 127.67709036738091
22 782 101.48310899820018
23 2221 97.00512646130586
23 1874 171.17386933243637
23 3460 269.4075922028372
24 3807 247.82959813723085
24 3460 18.336472895757314
24 25 83.29696809046064
25 2334 169.2826542679174
25 3796 246.64240867480615
25 24 83.29696809046064
26 1766 77.04098660577606
26 27 313.18180018555415
27 669 81.1230743777283
27 957 41.459972938708475
28 31 20.41283657432249
28 3068 159.84472606798795
29 28 59.06187638215724
30 29 71.23632355927865
30 32 21.125848634218364
30 2423 78.17297467551289
31 28 20.41283657432249
31 258 61.064042787379286
31 915 252.3520298980511
31 32 128.03903909204126
32 4105 282.56480221639225
33 1305 80.45096243134479
34 385 94.19906322303328
34 3773 25.390408355544675
35 3790 81.14193314842363
35 34 154.6279697778026
36 4127 79.06159070572795
36 4020 81.20348954065435
37 4071 98.42571543089326
37 36 274.9489101730211
37 3944 80.67639264162608
37 786 79.68994700337423
38 849 81.63324396004076
38 1320 79.53424087733958
38 39 271.87440046925605
39 40 273.47356251496933
39 1781 79.78594544032887
40 1646 79.96955358600535
40 3772 130.57764642383304
41 42 127.24761764719918
41 408 81.02079139791068
42 43 216.21475007679282
42 806 81.5969043326067
42 807 79.05130326590515
43 1647 94.21530484709437
43 1783 84.25001526874792
44 3736 32.74611407971704
44 1698 171.40076872888463
44 3316 109.3255422196776
45 3036 303.89000456412316
45 3316 20.874876813867306
46 1251 148.72294488264595
46 1790 85.9984991190425
46 47 113.0245592844655
47 48 115.56379046771497
47 46 113.0245592844655
47 348 47.2472484183596
48 49 135.9012921193023
48 3110 62.52639272640343
49 2805 36.48613059714555
49 4356 88.25948088001483
50 728 84.13300742490036
51 3353 794.3245904367261
51 52 494.58364833860304
52 3356 15.530970937972162
52 4297 103.37569253056934
52 4147 177.50898809034953
52 1099 101.19151883648077
53 57 142.2321994764012
53 116 55.378632883781634
53 3611 86.82592234180754
54 3216 1048.7126907384923
55 3209 189.7343760462188
56 259 55.70506401549217
57 70 94.35014975235713
58 3611 12.3396402791852
58 799 143.6181815985133
58 11 87.79689049829723
58 295 87.82181703637362
59 3075 79.94172661102759
59 2876 146.90091518784857
60 4114 7.590987131416519
60 1289 83.04320014692922
60 4328 6.865855360290381
60 4329 8.63896708076767
61 2936 133.0637600669933
62 3091 32.43270688448945
62 3372 271.7912244981189
63 3611 270.6109585012618
63 57 187.29026611719013
64 1610 84.20744020131646
64 2249 86.24711679645509
64 2650 141.22689479703223
65 2250 77.70015437885777
65 3637 45.53030975542728
66 1190 15.03823961147778
66 129 82.33987030097727
67 68 91.15767575592001
67 222 327.84629314098
67 1741 166.22704019156237
68 3367 301.2619500985567
69 3369 896.3410898323488
70 54 225.2141670333087
70 53 154.48665060081285
71 4224 3.4204094982700934
72 61 514.0456031574187
72 2950 82.63295539851202
73 74 84.84282610388613
73 1026 76.31721438990726
73 4011 152.14776629442844
74 3159 150.7280136142474
75 2019 83.09875855561282
75 4181 187.59341364850962
75 713 275.5071855752585
76 3554 79.69925482104723
76 3160 135.09604567602813
77 139 125.4036600337777
78 2664 79.45017970156663
78 741 177.46503445904773
79 3422 99.63250202758067
79 2663 76.85402459994846
80 3391 213.85155145703317
80 4239 31.41520750680462
81 993 89.6474984280249
81 793 113.98775316015082
81 3602 123.32402806200042
82 3382 136.5254253616344
82 2296 79.48081578717563
83 84 128.36836788071423
83 85 184.85629269689156
84 85 111.80139700872665
84 2783 129.79869230122574
85 144 538.5316627985146
86 4205 101.44660806699403
86 87 123.08461163132395
87 1853 242.9138313034428
88 3284 20.89892074927893
88 2654 163.03556210677021
89 1317 85.7153679723812
89 257 323.9828391932085
89 1860 274.43316725871415
90 3564 35.38457342640894
90 3565 62.09822338285201
91 1516 73.90718749274066
91 1470 130.5552484978401
92 1310 79.33557415386869
92 1309 77.97507421873713
92 3340 93.8143212369973
92 4198 277.53875553951855
93 117 90.39188700212537
93 848 164.97674486030127
93 1325 86.9306514506304
93 2356 274.05873073813376
94 120 138.13533834937712
94 3556 147.36511989146925
95 94 117.08520317864038
96 3557 170.75896935155015
96 4294 12.167865127714066
97 1506 76.80132164665034
97 1274 131.108566975079
97 4130 134.97225415313832
98 1517 160.96133971262367
98 2108 88.01194785753476
99 67 163.28256939619106
100 3553 129.5491599844306
100 259 77.31914003133869
100 2787 81.54883165321118
101 102 328.5447887687597
101 118 10.795907058833938
102 3524 1250.2453726400026
103 542 77.62098952142219
103 104 137.00366888246424
104 3733 28.63987606764735
105 4073 6.244571946832443
105 3346 339.42709552413083
106 2746 79.33371084992329
106 3571 144.47619899990852
107 2475 119.62928505669461
107 1256 87.36540207643074
108 3263 480.60559182331485
109 16 80.64269265134003
109 1319 88.19733340074238
109 2351 271.8704770407015
110 71 72.6535187728835
111 1650 209.54166294235694
111 1649 138.10445132288206
112 102 1588.3452592742074
112 113 952.6775709689213
113 1786 28.503423387785677
114 602 14.536112600052203
115 1878 80.50211104892406
116 4019 54.7300975054719
116 53 55.378632883781634
116 125 47.635566727162704
117 93 90.39188700212537
117 123 229.95521395129722
117 2357 274.5977820068369
118 103 78.24961847559032
119 3621 324.9081352950958
119 3942 17.233730613097933
119 3943 70.04621767873296
120 143 1070.5280596796329
121 3561 186.40551749974952
121 122 69.73786096488755
122 1763 238.83856589117886
123 1326 84.71183374455258
123 117 229.9552139512972
124 3405 31.221316712844146
125 4019 39.011089628154934
125 3274 231.62737292621873
125 116 47.63556672716271
126 2580 114.12376929526096
126 181 167.79260026262276
126 1349 90.39842220364407
127 3411 33.27026167175016
128 4224 175.02542023009522
128 98 49.70939955478963
129 130 35.48007137523915
129 3555 228.56203973800712
130 4324 464.88656077698647
131 2683 76.40802186573242
131 3640 255.92305379336386
131 4047 13.285553367697526
132 4196 499.6480327060961
132 136 189.13011507905247
132 3404 555.8815808471358
133 1170 60.7680272040142
133 2430 76.45252968193107
133 3357 81.40289843011638
134 135 79.46834057498545
134 3721 107.8414258256912
135 3721 196.06554700650207
135 3167 92.1780781317292
136 4289 388.77502472358543
137 3073 73.54867008268747
137 2875 81.68825975534585
138 2935 162.0288718259572
139 3374 931.2777246799141
139 140 49.233809087939306
140 3547 133.86718999410675
140 3152 263.94191434590476
141 4301 237.51069095147236
142 90 84.02155629439847
143 122 419.56157195820964
143 142 97.41308405819993
144 145 97.39064954783511
144 1129 647.0793609923442
145 1130 117.05676959180644
146 296 39.82080092308553
146 3235 208.20521894847613
146 2252 51.064932603871036
147 2933 174.08724418170445
147 269 204.5652774818231
148 147 165.34893254864392
149 150 132.47626826683353
149 462 80.39515208052461
149 3491 18.336474626040346
150 149 132.47626826683353
150 151 80.82450384098495
150 463 88.83873599792604
151 150 80.82450384098495
151 152 82.34921909865535
151 2150 225.59009372749253
152 151 82.34921909865535
152 153 78.51588184128151
152 465 123.59169328439609
153 152 78.51588184128151
153 2152 173.55988458798467
153 154 82.60546606120617
154 467 157.81471877439583
154 155 118.18093889604157
154 153 82.60546606120617
155 156 227.89226359008526
155 468 184.17238576572333
155 4005 105.68625365764233
155 154 118.18093889604157
156 155 227.89226359008526
156 470 233.68800978965228
156 157 76.30258779920896
157 158 77.08893461937929
157 2772 89.29857531161453
157 156 76.30258779920896
158 157 77.08893461937929
158 159 79.37655404252996
159 158 79.37655404252996
159 160 76.62485765018009
159 1294 126.8674059962814
160 159 76.62485765018009
160 161 79.4443749063423
160 474 170.6199608319774
161 160 79.4443749063423
161 162 79.0194221607883
161 534 200.73129618708595
162 161 79.0194221607883
162 163 54.51931237834874
162 476 149.0359360441664
163 162 54.51931237834874
163 164 80.41854220138225
164 163 80.41854220138225
164 165 73.05453907208863
164 478 134.39895057775811
165 164 73.05453907208863
165 3220 79.48036832496707
165 3240 98.33116929058707
166 167 108.22642774914917
166 300 196.83609291922892
166 3243 77.97661054172659
167 166 108.22642774914917
167 168 141.0818370280026
167 784 82.85388970362979
167 2418 85.69276763804943
168 167 141.0818370280026
168 169 142.9169787609384
169 170 199.11639393113006
169 168 142.9169787609384
169 3077 81.39789463042509
170 169 199.11639393113006
170 171 247.58003684639255
170 3846 76.44210018920823
171 4269 244.6461601544896
171 1504 310.77987861319315
171 307 87.08611180772253
171 170 247.58003684639255
172 173 214.63704078777164
173 3231 39.31040848225929
173 3197 75.97725936712395
174 175 95.02554156846615
174 2433 39.81591953811362
175 2056 78.83691462504852
175 176 58.871209479584955
175 3111 37.38465047882295
176 177 89.59899558824576
176 2991 32.46611574914639
177 2425 30.357264354517724
177 2058 66.91472439172607
178 179 59.933047848827165
178 2379 76.48562586441787
178 4249 67.91322687249178
179 724 34.626528988308245
179 180 52.33022814782988
180 181 105.80669571787526
181 182 73.68269976682822
181 2525 90.1611150422867
181 126 167.79260026262276
182 2526 87.6009707662451
182 183 150.69909708244768
183 184 89.28226769356397
183 2528 75.22761951015309
184 185 51.73731325279158
184 2754 76.62505694521032
185 2101 75.06360808013254
185 2102 66.8328581994264
185 186 85.32551227420763
186 187 31.415972985673662
187 188 114.03279284236328
187 1951 59.900424190519594
188 1900 42.205387321469956
188 189 137.823066272111
189 951 52.12821548089301
189 639 71.71720540130067
190 1139 87.20891093520451
190 191 113.69921019194895
190 2064 223.0575740181315
190 2969 83.98160928632855
191 4285 42.307381629156055
192 193 58.473575077057134
192 4284 15.252701238257819
193 597 78.75199492648908
193 4244 29.68840402499336
194 1648 81.25019987480114
194 195 138.25598529420608
195 3788 213.23031807969818
195 196 141.09253882578423
196 3931 15.168563453497404
196 2884 228.81148489664525
197 311 113.74899080427737
197 3089 74.39542744194526
198 197 310.636684454413
198 677 74.39413355893102
199 198 274.0851646849399
199 1975 74.43487346992511
200 199 274.370541829473
200 4320 74.161552244804
201 2468 74.18791575258932
201 200 277.8157158377499
202 201 270.0606810384941
202 2391 73.78883664753022
202 203 224.2049731768645
203 2392 79.54911398070331
204 205 74.33649801142926
204 3543 83.71625997749095
204 1159 85.93057411479823
205 204 74.33649801142926
205 4143 64.18538005874203
205 2086 76.03862552896035
205 3350 63.13236173727662
206 680 78.34113669708272
206 315 309.58131228712284
207 1749 84.60505283819506
207 206 274.04488687531534
208 207 273.9314226892406
208 1382 78.58487511837971
209 1750 84.7159235043015
209 208 294.05505627117424
210 209 270.28707172510093
210 3057 78.50271192971535
211 2508 166.51150625129728
211 3307 22.69413789177302
211 3304 164.35816303683603
212 213 132.6210812084408
212 2465 77.73418214952555
212 3232 145.6673392393283
213 3816 21.87343678199926
213 3232 108.18249234635518
213 212 132.6210812084408
214 1595 86.70581650213319
215 214 79.39707801802679
215 2807 128.7275251024202
216 2808 168.7168583410401
216 215 79.28357137190892
217 216 79.17416630488647
217 2809 203.47907725770682
218 217 452.93567568474026
218 1858 109.50778698354276
219 218 496.31277641373583
219 1165 131.88163379739268
219 2769 78.76151769733664
219 1858 396.7873345364961
220 3584 52.27311454104929
220 2970 84.34798415163627
221 919 258.68365583647767
221 1741 127.82531323480211
221 222 150.94532827506697
221 220 76.72920167290678
222 221 150.94532827506697
222 223 75.78314952619209
223 222 75.78314952619209
223 3368 208.73887326460041
224 1021 87.8487316311523
224 2607 155.1561180790105
225 224 62.430117103521866
226 1122 80.09431843148361
226 1764 79.36782672889493
227 3845 80.37725764676507
227 226 134.4916124796231
227 1090 53.696812019744065
228 1765 84.06193912413363
228 1090 113.4216312443766
228 227 97.49850080460077
229 492 134.5410038277703
229 493 51.432435275239676
229 230 84.82490756290034
230 3085 159.14616281775676
230 229 84.82490756290034
231 1832 79.13566904881714
231 232 170.9997896976866
232 233 139.71108045369445
232 319 85.03976245221753
233 684 78.48663723814147
233 234 274.1653392988512
234 1833 78.64511503336207
234 235 273.82379752774153
235 4184 79.01201087922281
235 236 277.0612067905773
236 1834 77.04991397676729
236 237 270.8158251342786
237 238 274.15993238468064
237 1732 79.61251200940396
238 732 80.3855931236434
238 239 265.5552323248773
239 1733 83.70797200291102
239 4253 19.359269564502032
240 1760 86.33002139133426
240 2543 78.40412903566865
240 3904 193.03163892981604
241 494 176.32453463916875
241 3848 12.119050216255257
241 242 29.071230452944185
242 3874 24.290857600598297
243 244 78.48823037490233
243 3874 77.55025092150247
244 243 78.48823037490233
244 245 79.08626410524984
244 829 243.56993092509194
245 244 79.08626410524984
245 497 228.49939696229444
245 246 85.53333073221658
246 1016 122.8060871127893
246 245 85.53333073221658
246 247 210.39873378145595
246 1017 117.4375532957961
247 248 176.65847294759917
247 1756 118.96920673112785
247 2552 121.91138701886672
247 246 210.39873378145595
248 247 176.65847294759917
248 1757 119.02207946966797
248 2673 122.15865548719856
248 249 177.0373996296959
249 842 122.15865550740462
249 841 118.89545487009339
249 250 131.3340763728796
249 248 177.0373996296959
250 251 129.68779898392046
250 3146 90.47956646699119
250 1758 118.80636190951554
250 249 131.3340763728796
251 250 129.68779898392046
251 2579 27.295266926458993
251 3146 156.91103042195152
252 253 78.62693919937219
252 1960 88.4233815075384
253 252 78.62693919937219
253 254 79.3561088381086
253 4155 49.26383544573825
254 253 79.3561088381086
254 255 80.72759022207137
255 254 80.72759022207137
255 256 152.4712327411795
255 1056 83.31647804665413
256 255 152.4712327411795
256 1961 54.85272555098662
256 4196 11.371482073749972
257 1142 85.63541086900021
257 2062 973.7694483984895
257 89 323.9828391932085
257 2338 272.11374914437613
258 31 61.064042787379286
258 1715 86.33188534053349
258 914 217.89570574734114
259 1552 217.50610153906106
259 100 77.31914003133869
259 260 80.14455898902806
260 2939 69.8836851730712
260 259 80.14455898902806
260 261 77.37529126574364
261 262 81.07253281037723
261 629 213.8670885713162
261 260 77.37529126574364
261 4250 64.1324723323688
262 263 79.57199887604246
262 261 81.07253281037723
263 262 79.57199887604244
263 264 79.55409292176984
264 263 79.55409292176984
264 2751 216.22583861540414
264 265 78.78109656059469
265 266 79.96335467940722
265 1706 216.1370778804851
265 264 78.78109656059469
266 265 79.96335467940722
266 267 79.40471024319557
266 4101 214.52523081002232
267 266 79.40471024319557
267 268 80.51227792956709
267 3145 216.61601345066433
268 267 80.51227792956709
268 269 79.66049911250052
268 3387 222.89974471521396
269 268 79.66049911250052
269 2501 216.57965857971072
269 270 86.30744608997067
270 269 86.30744608997067
270 3719 181.8866190738155
270 1545 216.89296684492197
270 271 86.73051859624397
271 272 81.54852444498938
271 1852 217.03596223200816
271 270 86.73051859624397
271 3720 179.08516526081846
272 271 81.54852444498938
272 273 80.98583032054808
272 3386 219.99975826871625
273 272 80.98583032054808
273 274 81.10598967768556
273 647 216.26783575460166
273 3552 227.30935672157
274 273 81.10598967768556
274 275 77.80938212532965
274 3551 229.6122266895341
275 274 77.80938212532965
275 2661 215.6788001688938
275 4205 220.9454722426526
275 276 81.15342615021927
276 277 87.76014388623192
276 275 81.15342615021927
277 276 87.76014388623192
277 3161 216.14095038071815
277 2952 227.61200195450863
277 278 84.7382053799683
278 279 79.7515639343845
278 1829 227.0362628101898
278 277 84.7382053799683
279 278 79.7515639343845
279 280 82.59503204479586
279 3002 216.84758022593016
280 279 82.59503204479586
280 281 80.3166789715328
280 1926 226.99202051705626
281 280 80.3166789715328
281 282 81.19432546358857
281 2781 216.96871589440985
282 281 81.19432546358857
282 283 80.12992162980736
282 1365 227.03426738187753
283 282 80.12992162980736
283 284 86.95623407328944
283 3162 216.97509357281908
284 283 86.95623407328944
284 285 85.46947753936774
284 517 178.29274067289788
284 516 217.44538414102075
285 284 85.46947753936774
285 286 79.5766336623649
285 3082 217.20648424989068
286 285 79.5766336623649
286 287 80.03608272134318
286 2576 225.72812429776454
287 286 80.03608272134318
287 288 79.45861205590404
287 1559 217.468781035562
288 287 79.45861205590404
288 1560 293.6903126974977
288 289 84.1742079896474
289 3163 217.87127320980758
289 290 78.76419961164386
289 288 84.1742079896474
290 1127 39.63886701312539
290 289 78.76419961164386
290 4098 30.245782953337105
291 1860 75.52242091531694
292 291 273.8075919637144
292 2198 87.0607563125399
293 3777 18.222376139280545
293 400 81.95560626479163
294 293 106.5920982315589
294 798 80.44548376682621
294 799 87.08993292723413
295 294 156.45614436801617
295 1862 81.96574802828181
295 58 87.82181703637362
296 146 39.82080092308553
296 2251 79.49221584981643
297 296 141.2346825501712
297 2415 88.70273978718893
297 3120 79.59143844850519
298 1079 79.52580868015366
298 297 134.19115416893032
298 1080 88.34457270978577
299 2416 88.22222763906046
299 2867 79.49423988928203
299 298 118.82082849933042
300 299 89.62929175017454
300 482 82.95824026385432
300 483 91.15227645490842
301 166 85.61290036368575
301 2418 116.33942933458326
302 301 84.07785606021636
303 3244 52.531270448539345
303 3241 92.35810055204993
304 2418 86.0110843759837
304 302 112.56584227604492
304 305 398.7572293409286
304 3877 85.27111478756066
305 3643 103.13462214420673
306 307 224.697673814197
306 305 250.7023835001032
307 171 87.08611180772253
307 3786 328.5710785076804
308 1908 182.06823929646706
309 4208 144.80307099228685
309 308 78.67530215088702
310 309 77.91231589400043
310 3089 137.2695133893636
311 310 77.98884074348088
311 4209 191.738266084451
312 2389 91.26426383267803
312 311 76.71223888171227
313 312 83.72987015779124
313 4219 236.83701646414048
314 313 88.79965968205116
314 2587 110.95200917855175
314 1748 43.818172171052744
315 1748 85.26764482861645
316 680 261.65063632639993
317 316 84.7024556653413
317 613 78.8405647227569
318 682 202.64250560040205
318 317 82.80780338207433
319 318 84.54463778195647
319 1832 138.07853924870182
320 232 85.57959537624005
320 1730 201.75796463808953
321 320 83.48827791090063
321 685 79.38690803295692
322 2001 223.2462216598767
323 690 81.82252892067812
323 322 84.49625398354391
324 323 83.28544675454967
324 2003 165.14455367969893
325 324 81.3890169980732
325 692 132.54057935290237
326 325 82.78976327053373
326 2004 117.44372619985616
327 326 80.43843366006007
327 694 177.79953178664536
328 327 82.2743558363854
328 2006 75.52369160828869
329 328 87.25937009226708
329 1692 51.20301956790955
329 696 221.91331457326146
330 2008 80.19823486763423
330 1005 274.79668560310347
331 1396 232.08056361940808
332 331 82.07389943030017
332 2011 60.94092829690321
333 996 203.2342754535371
333 332 80.51454611914656
334 333 80.11196843143131
334 2012 76.70394124081068
335 334 78.95101470063535
335 1399 194.80397612539304
336 335 79.19262142241433
336 2014 83.40448702218602
337 1401 184.65166224618795
337 336 79.37936989441354
338 337 81.35532089888056
338 2016 100.81932721861992
339 338 80.86480287826284
339 1403 155.3990091741312
340 339 81.71325400155273
340 872 140.86423161484646
341 340 93.62034673268617
341 1404 98.66767363145772
341 2018 174.90361478559666
342 341 93.21958486012363
342 2019 209.39049264988046
343 3540 12.294546106817787
343 3538 65.97809141298343
344 1498 102.44627071733562
344 384 92.83190406270398
344 343 161.3188920582126
345 344 206.8302945448357
346 345 111.56322019051721
347 346 37.578108723353374
348 347 26.865290076106135
348 1250 107.85219843139511
349 1790 119.33574094253163
349 47 86.23272985776482
350 2052 129.79888808273262
350 349 69.0125046116771
351 350 11.19195271987886
351 3069 127.0611910396332
352 351 63.06990999707351
352 2047 138.4347496702166
353 3537 67.40440492124542
353 3815 139.19931875667757
353 352 66.59935635406033
354 2509 163.85000600002112
354 3349 66.5441279270756
355 354 73.15379037606176
356 605 116.97716575565292
356 355 69.24706820667197
357 2525 146.47978305696734
357 356 69.59581567202764
358 2777 174.13783650262226
358 357 77.62209248707731
359 2527 146.35712071216
359 358 76.53142501784295
360 359 77.03136595151277
360 3067 176.78908081101324
361 2529 151.8068422452455
361 360 80.04581044317624
362 361 68.02500055906722
363 362 33.402980220020304
363 2103 82.58886689652236
363 2102 156.93293477112178
364 363 70.37412229486304
364 1953 80.69265081205226
365 364 122.1102032726745
365 2964 81.74777572377214
366 949 80.52611425630843
366 365 122.5663506476511
367 366 162.77737945963088
367 2181 80.71713593813526
368 2856 80.60615653338728
368 367 160.35573059363884
369 3927 15.427574861062999
369 2798 83.64680030846742
370 2534 115.25630589562746
370 3829 90.25969710980941
371 370 81.29717041832728
371 2080 82.34849635791635
372 371 77.43295270384523
372 2535 111.13339977902814
373 372 78.76158440189242
373 2858 80.66708754634895
374 373 75.60527476697676
375 1906 122.23927228712691
375 374 65.8606188256012
376 375 68.94634288480887
376 2536 126.22644383006855
377 376 74.65405748813153
377 2835 229.05091769210534
378 775 106.9262406626509
378 377 75.13682879166632
379 3117 195.99627121806904
379 378 79.77187519997506
380 379 86.32103511216673
380 2666 104.84104761294003
381 380 86.12636480284067
381 1628 127.27012751493176
382 2092 78.95669268772009
382 381 93.16544950577742
382 1845 93.99709742344777
383 913 136.29322919934907
383 2441 52.742814893781706
384 383 110.20761684655022
385 3910 70.24976681137704
385 3790 204.16402952738915
386 34 90.79200660962861
386 3789 109.69594598285336
387 386 93.08004459905966
387 2341 67.35914177109254
388 2341 116.62830512075499
388 387 133.8692309731973
389 2342 19.98294111189784
389 388 50.478334771723034
390 389 91.99130414896916
390 1929 199.11424274100835
391 630 158.52064657021384
391 390 89.54255234681922
392 391 90.07838987922555
392 3774 21.91741827020577
393 392 89.55998840210506
393 3844 76.42959024084738
394 3753 21.560672132723074
394 393 87.90048700505301
395 2194 41.29878826916078
395 3739 96.93432782045856
395 793 233.6183583647287
396 794 205.84307156836334
396 395 91.52888186687149
397 3743 18.80973484727895
397 396 83.52261989138388
398 397 82.50903632736005
398 796 159.6515703578147
399 398 85.31238948018895
399 3749 18.752380397225217
400 798 116.737369269536
400 399 82.30216843569721
401 799 104.72638268019203
401 3740 17.317485695842898
401 293 87.04432106495011
402 9 80.21939070291847
402 800 105.78870177185414
403 3781 16.574723051696456
403 402 79.53140469339344
404 403 82.28886401526754
404 802 108.20215437571302
405 19 79.6409763185836
405 803 115.49031325708944
406 405 88.9187359409117
406 804 120.94720187584458
406 3754 16.705531497266744
407 406 84.18686189876794
407 805 127.4333220367114
408 407 79.51303305426251
408 3779 17.097338806827416
409 41 78.67369753828874
409 3761 17.221473487598043
410 409 80.83211028213593
410 808 128.94928574378272
411 410 80.01151857858383
411 3770 17.56039368485498
412 411 80.1731086314941
412 810 128.9995957783777
413 3783 17.789834261828673
413 412 78.8967498045919
414 3751 25.044317128749057
414 413 80.30622734257184
415 3778 22.85399606385711
415 414 85.67749262402074
415 813 124.21587383840665
416 814 126.91657634313684
416 415 84.22623932227293
417 416 81.6358093751821
417 3767 16.68948707346224
418 417 79.62779103365351
418 816 129.8338856534994
419 418 79.98630555670856
419 3752 16.75685629865284
420 419 77.82308130898919
420 818 128.35161125764287
421 420 80.68014827779716
421 3776 17.86425725431569
422 820 127.58916482356756
422 421 80.70078107494746
423 422 81.31338854105013
423 3742 20.558538468369086
424 822 93.7641500867057
424 423 81.6661117415425
425 4 94.84704913705438
425 823 19.046371815864145
426 2164 135.59764385964863
426 3617 79.93746085316661
427 426 76.52107658734333
427 2165 117.54905654477844
427 4076 16.732174130549225
428 427 83.2201504302769
428 2166 135.71310293803626
429 428 79.51527415632043
429 3456 17.990883282312122
430 429 79.68363122767295
430 832 167.06070788848115
431 430 79.70694052035694
431 3458 17.870058600867647
432 431 80.91453868151534
432 4260 192.68371586213118
433 3808 87.75467723800418
434 24 170.66327786627392
434 2334 83.52713495539176
434 4309 18.873307945607692
435 434 79.04791085187765
435 3461 20.603641692163794
435 1785 162.53603906160936
436 435 71.50290210417293
436 1785 146.4459997587329
437 436 79.82369356756317
437 4340 18.579865571490753
438 437 76.78496205979803
438 1798 262.4851073634041
438 3463 18.328855919136096
439 438 80.61242756864726
439 542 261.6337863251443
439 3464 18.3364718247906
440 439 79.72956100355606
440 1182 261.6822280244929
440 3465 18.336472553150514
441 440 165.79965310182723
441 1887 225.712273306832
441 3467 18.340621207318343
442 2168 182.24201031019726
442 3469 78.14711985769408
443 442 80.55894784252776
443 3998 428.82566520369585
444 443 78.59604865860456
444 2169 195.23500232345256
445 444 78.88549410973384
445 3473 18.339179710216275
446 445 79.16891538004569
446 2170 183.10816413787757
447 446 80.95977249203924
447 3475 18.340621552494923
448 447 78.64968851393566
448 2171 142.51090034991182
449 3477 18.333254091886303
449 448 78.19436853293507
450 449 86.94641219899346
450 1221 134.45537958614844
450 3478 18.060047107915594
451 450 84.62589303621895
451 3479 18.33521884487702
452 451 79.11117598368546
452 2174 116.9232996530087
453 452 79.95010682754044
453 3481 18.335219722043664
454 453 77.44721666895899
454 1232 129.19692717480908
455 454 79.95071664487196
455 3483 18.331806638406164
456 455 78.967434706108
456 2154 157.47687403802453
457 456 79.61661596741125
457 3485 18.335218900036836
458 457 79.32747113899039
458 2156 269.78055185002563
459 458 165.68059715158887
459 3487 18.336471821030752
460 459 83.52041339210722
460 3488 18.33245111515372
461 2971 38.13023064785434
461 3625 56.347345192429884
462 461 75.93538055543677
462 4006 83.04743614521588
462 3490 18.329037740389815
463 3492 18.339838378066286
463 149 79.2115667593135
464 151 106.42684861371168
464 463 78.88257281464539
465 464 80.32322856370304
465 3494 18.331805173643207
466 465 75.44678611124854
466 153 140.8340010410792
467 466 82.34263540201255
467 3496 18.33647187034235
468 155 184.17238576572333
468 467 95.75759047226884
468 3497 18.336472658706533
469 468 87.321421811138
469 3498 18.336471821030752
470 469 153.78960760637545
470 3499 14.503368692544296
470 156 233.6880097896523
471 1071 75.90020849979229
471 4002 14.021201360439607
471 4003 46.306676734223146
472 473 87.74345397955926
472 4003 39.660234260052825
472 158 230.31751204440553
473 159 189.41890225744348
473 472 87.74345397955926
473 474 80.95732222881458
474 473 80.95732222881458
474 1073 100.6801822047522
474 475 84.09799560145348
475 476 84.13204973857381
475 474 84.09799560145348
475 161 158.57944544419533
476 475 84.13204973857381
476 477 86.75420335336075
476 2864 38.237266935681454
477 163 140.49462365941713
477 476 86.75420335336075
477 478 84.51945215982713
478 477 84.51945215982713
478 479 71.21915933264636
478 1612 84.46100386968246
479 165 129.25787927405278
479 478 71.21915933264636
479 480 17.770618161548004
480 479 17.770618161548004
480 481 79.30218865124138
481 480 79.30218865124138
481 482 85.0372880638655
481 2866 122.75206858545155
482 300 82.95824026385432
482 3243 166.54776439692395
482 481 85.0372880638655
483 484 71.0046210514224
483 300 91.15227645490842
483 2416 73.98095253392685
483 2417 84.64363900333008
484 483 71.0046210514224
484 485 78.86998307771967
485 1796 94.89385391115867
485 486 74.04589265021644
485 484 78.86998307771967
486 487 80.10078593520939
486 2869 105.67848330154716
486 3084 85.1867524905751
486 485 74.04589265021644
487 486 80.10078593520939
487 2870 116.5983497872577
487 488 56.04738949190755
488 489 114.14424915411217
488 2567 85.10545879890738
488 487 56.04738949190755
489 488 114.14424915411217
489 490 135.0388046860378
489 1503 86.97627812782409
490 489 135.0388046860378
490 491 137.9146391301139
490 2924 84.97159753046816
491 492 26.094226837979804
491 490 137.91463913011387
491 3085 83.57885040912178
492 229 134.5410038277703
492 491 26.094226837979804
492 3050 107.19374866450619
493 229 51.432435275239676
493 3850 79.3306585046862
494 2368 180.8585662560309
494 3853 117.65153291807408
494 241 176.32453463916877
495 496 169.78280092470516
495 830 161.0375561010512
495 3873 91.91051148951513
496 495 169.78280092470513
496 497 81.65499445462497
496 830 130.60663001280352
497 496 81.65499445462497
497 3642 33.63050924142946
498 499 130.15904542486368
498 1017 124.56088203440682
498 1018 100.54463845482397
498 2125 99.47702432922267
498 3642 52.65798906755298
499 498 130.15904542486368
499 500 80.86195933803026
499 2028 141.33785239173832
500 499 80.86195933803026
500 501 176.7515978631802
500 1756 119.94292985919148
500 2553 98.45329861960762
501 500 176.7515978631802
501 502 177.1185826383968
501 1757 117.74818518983119
501 3033 99.10061505955618
502 501 177.1185826383968
502 840 96.68674869135994
502 841 117.09445238904372
502 503 131.50136286959992
503 3034 109.02803926839754
503 1758 104.28379136454996
503 502 131.50136286959992
503 4273 22.978558365895736
504 505 93.02811008063084
504 4273 85.7888892468574
504 2860 191.25805167365039
505 504 93.02811008063084
505 506 86.58435022577366
506 505 86.58435022577366
506 507 96.61919594003507
506 622 101.96079554502666
507 508 86.02957208767901
507 3100 66.35159100539222
507 506 96.61919594003507
508 507 86.02957208767901
508 3818 54.310532716302134
508 2644 42.485749867325225
509 213 81.58218135490641
509 2465 152.09878542697257
509 3875 18.09007403965819
510 2844 87.65513978798889
510 511 154.62229078726256
511 510 154.62229078726253
511 2620 85.01592625522522
511 3691 145.1478939924774
512 513 142.5771200165
512 3081 84.93564558724272
512 3691 23.789706548586214
513 512 142.5771200165
513 2728 88.09639067998258
513 514 154.91357898738738
514 2909 84.7553889532059
514 515 215.76571292341575
514 513 154.91357898738738
515 2307 88.07765317966732
515 514 215.76571292341575
515 516 228.53926338996138
516 3082 84.50696110139705
516 284 217.44538414102075
516 515 228.53926338996135
517 284 178.29274067289788
517 518 49.03433175729775
517 1918 55.51668880680994
518 517 49.03433175729775
518 2955 85.25030064994284
518 2954 87.02983741122006
519 174 49.6713639525616
520 4356 88.85179111151632
520 519 103.85483040632116
521 522 310.6958999754787
521 1889 81.41795062562257
522 523 273.24222837580663
522 672 87.86493270616434
523 524 212.03158495114485
523 1890 80.70138144909117
524 964 77.07219099980442
524 963 74.91066597626337
525 964 41.41116162772197
525 4347 10.655083169657326
526 527 139.1049606134328
526 1537 130.01628640279196
526 4347 68.18570642437372
527 1537 69.14186938544736
527 4203 53.74028102362492
528 825 81.75573181361484
528 3086 88.80356393400399
528 529 120.07858927711246
529 826 84.23932623128741
530 531 139.4856313658929
530 2249 80.50684455778202
530 2248 79.78041450393354
531 532 134.2843708653289
531 3101 82.63576466353587
531 3127 80.71182113812331
532 1073 80.80908475384919
532 1074 82.71726976390424
532 533 116.87819125717724
533 475 12.333668512948641
533 2864 82.41408265376543
534 2878 102.41842001532427
535 536 25.625920575753593
535 3792 51.65969821222031
536 4018 56.30075610539923
537 1158 78.91259149024842
537 1159 141.5150696734292
538 1799 82.36948005207735
538 2640 156.23278904048243
539 1183 77.93772389542636
539 538 303.39634209635284
540 1801 81.60648278495664
540 3987 14.061252763624227
541 540 266.173136606493
541 1185 79.68867356018035
541 1421 81.71972857025183
542 103 77.62098952142219
542 439 261.6337863251443
542 1182 79.10494132516031
542 1798 78.81180753554136
543 1297 79.76129876747635
543 2399 154.1556731824081
544 817 174.27599797525673
544 2159 82.1309021712701
545 546 125.6895236793083
545 2861 72.9879792863878
546 632 69.44374788108357
546 547 117.81609046607979
547 633 69.75961009238303
547 548 161.72177523403408
548 3317 29.212815465352037
548 547 161.72177523403406
548 2863 135.5681270640012
549 551 87.32244011564329
549 3317 80.69466919697003
550 2693 60.51254732412491
550 549 93.48758556435786
550 551 32.77199160419431
551 2690 23.372214447220706
551 552 107.18638951405454
551 550 32.77199160419431
552 2693 174.06940479767775
552 2506 163.5486049098157
552 551 107.18638951405454
553 2945 15.998043109019713
553 554 127.70292337683942
554 2099 78.68026385564585
554 555 134.7508526034845
554 1775 71.83916537938167
555 556 141.06153863295785
555 4058 73.53488107417672
556 2946 79.23246049913317
556 557 109.17676432499597
556 1776 72.56593997392454
557 942 70.40276590367657
557 3443 99.78752536048248
558 559 143.74614297346915
558 591 77.57696821717191
559 1658 77.27242422289717
559 560 137.95672421033623
560 922 69.71570431007865
560 3915 140.92916416395644
561 309 160.78143438579
561 1908 74.84887454086389
562 676 73.96411367948859
562 561 310.52657214911585
563 562 274.178652070753
563 1909 74.35346692672321
564 563 273.70584490982384
564 1380 74.69807622982287
565 1910 74.79975735058481
565 564 278.4274371855668
566 3090 74.25607032196686
566 565 269.85318915717966
567 566 167.80270179295638
567 4248 68.63524759143094
568 569 154.55696029738078
568 3143 79.53699789219881
569 2497 79.32396574580885
569 3667 144.51082966476693
570 571 144.58932671202447
570 2498 78.56203542605373
571 572 154.46702602449625
571 2723 81.12419194280454
572 573 216.17920470944756
572 2500 77.41013492320435
573 2300 82.37852984358533
573 574 228.12767635362616
574 268 216.73648215683764
574 2501 75.5817887318807
575 665 19.555416290859853
576 900 26.906999840396438
576 575 167.90424603088545
577 2464 120.34728716389137
577 2465 82.80577416098276
577 578 174.04901843067532
578 509 85.5927624801305
578 3817 13.104237467500603
578 577 174.04901843067532
579 580 117.76000456860585
579 1241 85.12699817770749
579 3817 90.22632564637367
580 579 117.76000456860585
580 581 86.86314936259595
581 580 86.86314936259595
581 3098 162.95404356805847
581 582 122.80732348387667
582 1029 120.33158294023862
582 581 122.80732348387667
583 2129 125.12298692198128
583 3441 90.99965195043292
583 4263 170.89088595723672
584 3948 155.0104933753028
584 2494 79.73854469653824
585 1033 93.3731070137798
585 1034 93.58418499575382
585 4152 204.74911999945235
586 1413 79.74517569319389
586 1414 79.96489685229179
586 585 62.07532352386784
587 586 140.52729832333844
587 2495 80.18433775392002
587 2765 79.71033036301651
588 587 133.48978782369198
588 2033 79.9497038706881
588 2034 79.86768845333273
589 3889 12.25244095626892
589 3890 28.38551393894585
589 636 78.3238126267514
590 3452 16.67044682396317
590 3444 67.53826609325
590 933 100.27703229159748
591 3452 67.29942722822233
591 1658 144.24983060904228
592 3450 16.77660656508195
592 3446 42.695710703451
593 1655 143.7572003480463
593 3450 43.487733609924646
594 3445 17.281958368102917
594 593 68.25349434417652
595 3447 17.395123982043135
595 594 74.09205824413934
595 1653 143.79674884361773
596 595 71.7186275118906
596 1652 143.80095251568625
597 111 75.76009675295123
597 1366 56.58682449568134
598 4172 47.4325534607875
598 1367 63.23783190257607
599 598 77.26909613834228
600 1369 62.25157812575243
600 1661 130.31400223826506
600 599 78.56600671923677
601 600 149.60520850863165
602 1371 62.48356566094087
602 601 77.0564582411204
603 1917 92.1320622340683
603 2036 38.85461155033079
603 2037 48.07818181079777
604 603 93.63736342624124
604 2221 218.68008505036318
604 2037 79.89999574854168
605 606 50.96244069051156
606 607 125.47716910056994
606 2996 70.72536852652726
607 608 102.63417125868956
607 726 67.2839774614111
608 1510 36.67128262551565
609 1249 56.52697003689268
609 346 111.31653500817092
610 1253 52.212747520083326
610 609 130.79808398661442
611 610 164.3227009042391
611 2432 69.9680813270413
612 611 74.94092020979137
612 3111 85.84625883029463
612 3068 72.03819695100049
613 3056 80.38644719166076
613 614 154.35952337274108
614 2589 78.73361954278327
614 4213 151.2795567639365
615 3097 78.6197373308062
615 616 150.51178657566084
616 3996 78.626298832586
616 617 154.8340172723709
617 618 214.54455828215802
617 2888 78.3914139947533
618 2274 78.29403733892141
618 619 129.0676469403402
619 620 100.55781228583741
619 618 129.06764694034024
620 619 100.55781228583741
620 2649 157.4069769057307
621 3098 81.6700071101593
621 3218 183.73376829896011
622 1927 80.76063450299105
622 3100 84.73336091638484
623 3187 79.4381155495252
624 623 154.71809019678707
624 885 79.72914047285407
625 886 78.52789478008482
625 3666 21.511796259380862
626 625 145.275604695154
626 2720 79.51200421641767
627 626 154.6026528692158
627 888 79.45389939460078
628 2297 78.94471235233368
628 627 216.11646393461095
629 890 78.44095274846433
629 3554 138.76586215107451
630 2192 79.58288881139195
631 545 70.38709798961695
631 4015 157.1525165313629
632 3092 68.5851496568763
632 631 128.09907510924262
633 632 94.58371609626757
633 3347 76.60270592208317
634 635 27.564144161992235
635 164 79.36894110729938
635 634 27.564144161992235
636 637 72.33163826015692
636 2179 79.17182441447149
636 589 78.3238126267514
637 636 72.33163826015692
637 638 76.05828230071292
637 954 84.56567303774563
638 637 76.05828230071292
638 639 75.94325472022143
638 4281 90.42179412699397
639 638 75.94325472022143
639 2180 98.71280807089482
639 640 35.7513934580186
640 951 67.24129255902864
640 639 35.7513934580186
641 1944 80.60412055720877
642 641 155.55386690853868
642 2614 80.84040981028102
643 3106 80.75792772652487
643 3673 22.804352266660935
644 643 142.48792068236313
644 1947 82.19571056240419
645 644 154.54045707244458
645 2905 80.60853825891013
646 645 216.0842984091759
646 1949 83.44107107034827
647 3107 80.39262158420802
647 646 228.2616348938135
648 658 44.22153852127303
648 3585 72.72625722204872
649 110 101.95326255313378
650 4139 9.076888191756979
650 651 82.04140666252258
651 3066 94.75000556374434
651 652 93.12892427005129
652 653 86.97234885015116
652 2753 80.83222329210969
653 654 43.00251587328875
653 2752 128.64674880370572
653 2106 95.82211768216614
654 1843 50.74446925471813
654 4140 76.887490540176
655 4287 89.62765870538954
656 657 63.46971948068996
656 71 113.67220075332193
656 944 58.79787450687401
657 658 155.88182808409096
